#进入文件夹----上拉----点广告---back---下滑----左滑
home
back
swipe,999,665,95,665
swipe,999,665,95,665
swipe,999,665,95,665
click,155,380
click,155,380
back
click,155,380
click,155,380
swipe,495,1520,495,530
swipe,495,1520,495,530
swipe,495,1520,495,530
swipe,495,1520,495,530
swipe,495,1520,495,530
swipe,495,1520,495,530
click,488,1660
click,488,1660
click,488,1660
click,488,1660
click,488,1660
click,488,1660
click,488,1660
click,488,1660
click,488,1660
back
swipe,495,530,495,1520
swipe,495,530,495,1520
swipe,495,530,495,1520
swipe,999,665,95,665
swipe,999,665,95,665
swipe,999,665,95,665
back
home
back