#操作步骤：开启锁屏--进入锁屏---右划---等到天气拉取---等到market数据拉完--下划--
home
back
swipe,95,665,999,665
swipe,95,665,999,665
swipe,95,665,999,665
swipe,95,665,999,665
swipe,999,665,95,665
swipe,999,665,95,665
swipe,999,665,95,665
swipe,999,665,95,665
swipe,495,1520,495,530
swipe,495,1520,495,530
swipe,495,1520,495,530
swipe,495,1520,495,530
swipe,495,1520,495,530
swipe,495,1520,495,530
swipe,999,665,95,665
swipe,999,665,95,665
swipe,999,665,95,665
swipe,495,1520,495,530
swipe,495,1520,495,530
swipe,495,1520,495,530
swipe,495,1520,495,530
back
home
swipe,95,665,999,665
back
home